n 100
m 10
k 5
normalization 1
w0,0 3.49985e-06 0.0588255 0.337917 0.205115 0.238261 
w0,1 0.0979215 0.021039 0.303598 0.303791 0.418007 
w0,2 0.171507 0.23229 0.371619 0.0154611 0.0239088 
w0,3 0.236889 0.300147 0.00344273 0.171469 0.0298928 
w0,4 0.186705 0.307134 0.263398 0.416104 0.378417 
w0,5 0.23565 0.0411279 0.292441 0.186041 0.313582 
w0,6 0.407108 0.340865 0.117373 0.0212268 0.329186 
w0,7 0.146791 0.282925 0.338277 0.443205 0.163384 
w0,8 0.110479 0.43941 0.323184 0.336911 0.291368 
w0,9 0.0325061 0.282476 0.395653 0.12196 0.195169 
w1,0 0.43613 0.279875 0.173089 0.195761 0.255706 
w1,1 0.148379 0.309964 0.431909 0.482588 0.0897687 
w1,2 0.48995 0.298512 0.329905 0.203266 0.545619 
w1,3 0.290471 0.20968 0.0755444 0.484064 0.108166 
w1,4 0.26735 0.213002 0.13168 0.450326 0.267421 
w1,5 0.234713 0.45608 0.0435539 0.378359 0.360756 
w1,6 0.411163 0.103746 0.0663216 0.360287 0.457335 
w1,7 0.363953 0.39653 0.399329 0.513938 0.462346 
w1,8 0.142318 0.165985 0.2275 0.293082 0.291781 
w1,9 0.451767 0.269174 0.452513 0.181544 0.265671 
w2,0 0.253632 0.199789 0.0889115 0.0997632 0.0644513 
w2,1 0.248514 0.32866 -0.019161 0.230684 0.182902 
w2,2 0.411534 0.357878 0.278361 0.377496 0.297079 
w2,3 0.372306 0.0609041 0.121904 0.28879 0.00752493 
w2,4 -0.0150807 0.127373 -0.00665866 0.164926 -0.00473207 
w2,5 0.328467 0.403355 0.0481192 0.052321 0.126276 
w2,6 0.383233 0.274982 0.0530393 0.288394 0.148029 
w2,7 0.161315 0.191189 0.056169 0.236853 0.356153 
w2,8 0.240229 0.449278 0.217913 0.0676866 0.418334 
w2,9 0.201637 0.0740369 0.227495 0.100972 0.235404 
w3,0 0.252533 0.458366 0.10987 0.115327 0.202355 
w3,1 0.348056 0.135946 0.342874 0.302725 0.420708 
w3,2 0.18161 0.293998 0.252177 0.172717 0.103392 
w3,3 0.440928 0.228205 0.0866507 0.457262 0.229104 
w3,4 0.145508 0.453085 0.070355 0.172542 0.067608 
w3,5 0.180842 0.127972 0.06117 0.379666 0.219233 
w3,6 0.21312 0.240694 0.448846 0.477646 0.344967 
w3,7 0.202163 0.357332 0.506064 0.159242 0.448162 
w3,8 0.250149 0.326171 0.379266 0.386667 0.393473 
w3,9 0.235567 0.478148 0.286205 0.241625 0.364644 
w4,0 0.327561 0.323867 0.437331 0.446115 0.451477 
w4,1 0.150665 0.264777 0.194403 0.0745649 0.19234 
w4,2 0.286677 0.418373 0.221182 0.358292 0.415366 
w4,3 0.336383 0.403198 0.354047 0.356424 0.0277737 
w4,4 0.41569 0.260723 0.167652 0.0755685 0.346993 
w4,5 0.245667 0.329502 0.264214 0.0875825 0.374882 
w4,6 0.391685 0.406118 0.281949 0.0985204 0.188255 
w4,7 0.511876 0.0551766 0.219609 0.135239 0.202679 
w4,8 0.423418 0.210243 0.232695 0.374819 0.18164 
w4,9 0.13566 0.483092 0.102894 0.312753 0.295472 
w5,0 -0.0263749 0.00110693 0.28356 0.309491 0.119698 
w5,1 0.162782 0.279345 0.267939 0.0688905 0.337141 
w5,2 0.280387 0.334058 -0.00492432 0.0177578 0.299885 
w5,3 0.281155 0.0867107 0.0676661 0.0299334 0.16473 
w5,4 0.438244 0.418345 0.164894 0.112349 0.312317 
w5,5 0.078197 0.327063 0.326802 0.168906 0.109032 
w5,6 0.0638131 -0.0250088 0.0691385 0.423859 0.100649 
w5,7 0.321466 0.0401529 0.177031 0.27779 0.0800816 
w5,8 0.348871 0.0652026 0.43972 0.0776448 0.0732629 
w5,9 0.0392822 0.0953999 0.282434 0.309924 0.342436 
w6,0 0.349581 0.375068 0.32947 0.323891 0.0800469 
w6,1 0.356515 0.22776 0.206348 0.368937 0.157181 
w6,2 0.437758 0.337701 0.345318 0.387661 0.248387 
w6,3 0.38222 0.112661 0.128221 0.297223 0.463661 
w6,4 0.4123 0.275413 0.385964 0.191752 0.126815 
w6,5 0.289935 0.177147 0.295604 0.283866 0.255375 
w6,6 0.210697 0.263742 0.275376 0.294244 0.293233 
w6,7 0.294471 0.228914 0.170381 0.264026 0.223553 
w6,8 0.385442 0.377812 0.301801 0.40812 0.403432 
w6,9 0.51396 0.282512 0.489963 0.244506 0.308909 
w7,0 0.228561 0.303932 0.201956 0.266984 0.438134 
w7,1 0.0478725 0.289736 0.146282 0.225248 0.204273 
w7,2 0.377793 -0.00230121 0.124891 0.232999 0.252699 
w7,3 0.383184 0.0993677 0.426413 0.101099 0.348972 
w7,4 0.261214 0.219092 0.350168 -0.0157327 0.0801378 
w7,5 0.296891 0.288127 0.164915 0.248862 0.331491 
w7,6 0.42483 0.27681 0.107677 0.320731 0.0563733 
w7,7 -0.0146659 0.193933 0.0111424 0.0157288 0.367664 
w7,8 0.32519 0.290047 0.182466 -0.0146498 0.228603 
w7,9 0.189963 -0.00718324 0.215158 0.14044 0.0795117 
w8,0 0.234237 0.311402 0.380134 0.375239 0.295081 
w8,1 0.207133 0.424737 0.195329 0.356484 0.216694 
w8,2 0.0179967 0.159704 0.345791 0.376918 0.104558 
w8,3 0.064782 0.035647 0.185573 0.429913 0.237391 
w8,4 0.0739088 0.264905 0.233636 0.299334 0.224334 
w8,5 0.0621551 0.118572 0.424157 0.323216 0.3165 
w8,6 0.440429 0.210799 0.177065 0.59622 0.328317 
w8,7 0.1651 0.535915 0.129067 0.263954 0.286849 
w8,8 0.235494 0.325098 0.284195 0.233691 -0.00408397 
w8,9 0.142625 0.530295 0.129183 0.195691 0.406588 
w9,0 0.319196 0.109096 0.291203 0.470761 0.204989 
w9,1 0.457189 0.502832 0.178426 0.16752 0.243333 
w9,2 0.432493 0.472895 0.190886 0.386105 0.420023 
w9,3 0.202074 0.117895 0.297622 0.0521322 0.0937191 
w9,4 0.151485 0.303635 0.070695 0.12331 0.319682 
w9,5 0.249467 0.0717541 0.367118 0.223421 0.423068 
w9,6 0.11336 0.494693 0.125211 0.0887929 0.323206 
w9,7 0.403875 0.513198 0.211243 0.222741 0.451048 
w9,8 0.270254 0.373786 0.350739 0.364151 0.400095 
w9,9 0.0783415 0.156935 0.152119 0.303493 0.341319 
w10,0 0.291768 0.190431 0.124806 0.137984 0.321581 
w10,1 0.145643 0.392805 0.106631 0.0827921 0.361204 
w10,2 0.109701 0.521247 0.287333 0.354101 0.452793 
w10,3 0.0601547 0.291059 0.35656 0.273492 0.0520461 
w10,4 0.250441 0.277753 0.395916 0.0736376 0.256129 
w10,5 0.457838 0.252493 0.172085 0.216656 0.360194 
w10,6 0.161614 0.147518 0.222458 0.476278 0.472982 
w10,7 0.202923 0.0906337 0.137518 0.299092 0.135089 
w10,8 0.261311 0.0838999 0.424562 0.198972 0.226871 
w10,9 0.182729 0.37173 0.312882 0.450714 0.3808 
w11,0 0.375647 0.315988 0.163578 0.417577 0.280219 
w11,1 0.178213 0.256263 0.222104 0.192773 0.126434 
w11,2 0.0448131 0.187955 0.215671 0.152474 0.0565687 
w11,3 0.127991 0.374551 0.259991 0.320739 0.388674 
w11,4 0.095894 0.321779 0.102772 0.16322 0.043521 
w11,5 0.203238 0.114166 0.352727 0.229026 0.00707218 
w11,6 0.124385 0.305204 0.201796 0.0917486 0.450862 
w11,7 0.0833009 0.366794 0.434458 0.0794081 0.275108 
w11,8 0.0226372 0.154158 0.137526 0.206506 0.383841 
w11,9 0.395036 0.344789 0.155824 0.368241 0.285619 
w12,0 -0.016729 -0.0110792 0.0756199 0.332894 -0.00432042 
w12,1 0.186062 0.373592 0.0362783 0.0556819 -0.0200035 
w12,2 0.271716 0.270428 0.167727 0.0703477 0.257137 
w12,3 0.118268 0.0380127 0.0603546 0.165915 0.181926 
w12,4 0.37751 0.436257 0.212014 0.0181485 0.238517 
w12,5 -0.0253639 0.312879 0.257917 0.353188 0.0976307 
w12,6 0.0549104 0.20396 0.137501 0.143444 0.417481 
w12,7 0.392471 0.334981 0.344862 0.0998534 0.0365199 
w12,8 0.420255 0.247802 0.214763 0.389637 0.261718 
w12,9 0.345468 0.229457 0.257068 0.0634254 0.393868 
w13,0 0.385881 0.0803199 0.0295193 0.169172 0.0418225 
w13,1 0.059939 0.255551 0.0194926 0.279138 0.397742 
w13,2 0.244552 0.302726 0.348558 0.316021 0.0341167 
w13,3 0.0751852 0.311061 0.160199 0.0333814 0.0575481 
w13,4 0.419172 0.0968363 0.16424 0.235103 0.080242 
w13,5 0.02638 0.319865 0.352603 0.326299 0.0511088 
w13,6 0.256728 0.426763 0.415583 0.187625 0.243818 
w13,7 0.383179 0.419995 0.267821 0.326088 0.233575 
w13,8 0.224319 0.0754613 0.435964 0.257739 0.139612 
w13,9 0.242126 0.319608 0.303005 0.0553636 0.264616 
w14,0 0.262157 0.29248 0.214888 0.250057 0.243697 
w14,1 0.214293 0.0648569 0.225378 0.334669 0.0146193 
w14,2 0.0243032 0.225796 0.147117 0.00119297 0.11192 
w14,3 0.040361 0.176631 0.246457 0.253391 0.266082 
w14,4 0.409707 0.331496 0.222997 0.221598 0.287227 
w14,5 0.312765 0.168934 0.199208 0.201562 0.29836 
w14,6 0.225829 0.125464 0.257762 0.115523 0.30032 
w14,7 0.225194 0.424592 0.11439 0.177853 0.280292 
w14,8 0.350825 0.418297 0.29357 0.378017 0.214177 
w14,9 0.0824741 0.0326779 0.40401 0.120809 0.303357 
w15,0 0.0761429 0.521012 0.199936 0.450749 0.239929 
w15,1 0.536565 0.296118 0.176943 0.248034 0.449324 
w15,2 0.29656 0.171345 0.492999 0.131808 0.36098 
w15,3 0.191873 0.17228 0.378922 0.180433 0.163945 
w15,4 0.0770462 0.353391 0.303998 0.131264 0.12152 
w15,5 0.505588 0.419718 0.256842 0.279093 0.406708 
w15,6 0.163523 0.147485 0.132049 0.142726 0.335252 
w15,7 0.246648 0.537871 0.34217 0.301187 0.455317 
w15,8 0.217674 0.0748277 0.434372 0.511643 0.527822 
w15,9 0.503383 0.426973 0.184269 0.368227 0.116175 
w16,0 0.359232 0.233541 0.385329 0.123967 0.38885 
w16,1 0.262453 0.174043 0.363091 0.235087 0.420323 
w16,2 0.187847 0.259322 0.335028 0.393899 0.151196 
w16,3 0.0847687 0.332336 0.321511 0.393173 0.032588 
w16,4 0.317572 0.393128 0.160719 0.0401835 0.0720144 
w16,5 0.186397 0.0431242 0.301732 0.251608 0.363606 
w16,6 0.392739 0.344068 0.284072 0.400938 0.392838 
w16,7 0.217556 0.0505667 0.168816 0.171113 0.307494 
w16,8 0.0544436 0.0343557 0.0640866 0.213607 0.31689 
w16,9 0.106445 0.174846 0.436427 0.281193 0.304641 
w17,0 0.422445 0.197317 0.418969 0.399657 0.198935 
w17,1 0.0814684 0.266999 0.28967 0.247493 0.293053 
w17,2 0.38797 0.481859 0.206102 0.133112 0.119382 
w17,3 0.0989552 0.510975 0.214305 0.177974 0.482417 
w17,4 0.372741 0.088584 0.0579059 0.0877914 0.151659 
w17,5 0.303415 0.247833 0.298173 0.231597 0.199128 
w17,6 0.219337 0.319585 0.252247 0.110875 0.346362 
w17,7 0.496995 0.368408 0.24109 0.437967 0.410686 
w17,8 0.386435 0.191207 0.0518973 0.248146 0.31327 
w17,9 0.326578 0.328033 0.388145 0.210362 0.20502 
w18,0 0.360609 0.350616 0.421033 0.169934 0.306137 
w18,1 0.685715 0.651251 0.53293 0.386657 0.648713 
w18,2 0.358824 0.708782 0.545268 0.600183 0.295056 
w18,3 0.23751 0.317875 0.48858 0.267972 0.422117 
w18,4 0.222128 0.389313 0.361233 0.151758 0.526996 
w18,5 0.466718 0.236245 0.546258 0.489985 0.36583 
w18,6 0.187943 0.192547 0.208594 0.327113 0.383099 
w18,7 0.375887 0.68387 0.486096 0.248475 0.260735 
w18,8 0.469418 0.551855 0.523689 0.556442 0.590688 
w18,9 0.319374 0.417668 0.32986 0.650822 0.542457 
w19,0 0.16504 0.207086 0.280774 0.422372 0.181473 
w19,1 0.0237423 0.202937 0.26947 0.335481 0.392762 
w19,2 0.0572295 0.039081 0.297834 0.371483 0.256213 
w19,3 0.268973 0.461809 -0.00806388 0.419209 0.0679833 
w19,4 0.43599 0.243018 0.134974 0.326277 0.269235 
w19,5 0.381303 0.360255 0.280336 0.318458 0.271793 
w19,6 0.157477 0.236948 0.305867 0.142171 0.386299 
w19,7 0.200077 0.411511 0.125578 0.422985 0.0513461 
w19,8 0.182313 0.379037 0.432027 0.158569 0.223305 
w19,9 0.221033 0.378325 0.420274 0.29488 0.121661 
w20,0 0.416476 0.263689 0.052752 0.109332 0.392745 
w20,1 0.0825279 0.0682901 0.365165 0.2628 0.270516 
w20,2 0.369893 0.298991 0.169392 0.386132 0.291006 
w20,3 0.0490095 -0.00561276 0.296589 0.272747 0.201104 
w20,4 0.256855 0.0144313 0.157148 0.382405 0.165843 
w20,5 0.288359 0.256399 -0.00116141 0.341072 0.114118 
w20,6 0.212715 0.0753539 0.0461408 0.411898 0.418761 
w20,7 0.26204 0.00905108 0.302049 0.210183 0.249673 
w20,8 0.398727 0.186707 0.312035 0.0951298 0.201613 
w20,9 0.129222 0.418798 0.116301 0.431502 0.211107 
w21,0 0.0850957 0.440026 0.418648 0.131638 0.00471691 
w21,1 0.367112 0.0282302 0.452729 0.307002 0.268334 
w21,2 0.0815255 0.0924221 0.394859 0.249206 0.31727 
w21,3 0.242735 0.261485 0.0804877 0.409737 0.301804 
w21,4 0.0953265 0.168208 0.156728 0.36556 0.0942165 
w21,5 0.0692878 0.33296 0.287547 0.0769801 0.369877 
w21,6 0.013556 0.0345316 0.111231 0.165538 0.371586 
w21,7 0.331833 0.291504 0.24397 0.161305 0.0517979 
w21,8 0.139551 0.0700231 0.10868 0.280567 0.179219 
w21,9 0.398379 0.25824 0.133184 0.175913 0.317643 
w22,0 0.400108 0.371248 0.412604 0.133003 0.139762 
w22,1 0.109288 0.278692 0.0504454 0.484487 0.363448 
w22,2 0.0837982 0.107579 0.229882 0.381723 0.131569 
w22,3 0.202373 0.0445732 0.448732 0.0860812 0.128981 
w22,4 0.215579 0.354542 0.115168 0.095666 0.126322 
w22,5 0.187485 0.119515 0.420581 0.359456 0.28923 
w22,6 0.273618 0.183029 0.429572 0.103173 0.0791297 
w22,7 0.37699 0.339048 0.036738 0.362106 0.071927 
w22,8 0.421927 0.317247 0.179438 0.203522 0.109049 
w22,9 0.183702 0.0459574 0.426186 0.373155 0.201488 
w23,0 0.352635 0.35806 0.383539 0.0471704 0.147546 
w23,1 0.395224 0.139507 0.120363 0.0133339 0.225919 
w23,2 0.307879 0.363921 0.178959 0.344277 0.240682 
w23,3 0.166927 0.138946 0.154609 0.136987 0.383778 
w23,4 0.2743 0.341592 0.0885976 0.345051 0.108634 
w23,5 0.275342 0.356313 0.148464 0.256922 0.00943427 
w23,6 0.164137 0.00215185 0.137286 0.0340161 0.0777029 
w23,7 0.332702 -0.00771186 0.171897 0.360326 0.0512907 
w23,8 0.0585225 0.308383 0.0158184 0.394199 0.0609768 
w23,9 0.0364067 0.333418 0.407887 0.0207635 0.0143433 
w24,0 0.400369 0.127704 0.365903 0.127324 0.243539 
w24,1 0.306463 0.331776 0.0615771 0.44735 0.399839 
w24,2 0.218157 0.0881828 0.0705204 0.512802 0.404949 
w24,3 0.323011 0.403898 0.132612 0.356637 0.294863 
w24,4 0.132898 0.159121 0.0409753 0.2439 0.222341 
w24,5 0.436244 0.0166347 0.23592 0.174272 0.391487 
w24,6 0.393889 0.307329 0.194534 0.336377 0.333421 
w24,7 0.338467 0.15596 0.0860298 0.487582 0.160276 
w24,8 0.329764 0.293155 0.186506 0.100351 0.245676 
w24,9 0.0836024 0.316127 0.275652 0.260345 0.424716 
w25,0 0.0595644 0.165 0.0400688 0.133789 0.372826 
w25,1 0.408471 0.365035 0.44871 0.363309 0.368831 
w25,2 0.37577 0.197651 0.301964 0.301103 0.374946 
w25,3 0.229353 0.0787964 0.206332 0.420517 0.19316 
w25,4 0.178579 0.206996 0.096723 0.375613 0.457947 
w25,5 0.06051 0.222974 0.344142 0.135557 0.202934 
w25,6 0.321218 0.0376309 0.121095 0.0816651 0.354958 
w25,7 0.112023 0.34225 0.194365 0.357381 0.348184 
w25,8 0.25026 0.275989 0.364274 0.00715529 0.259919 
w25,9 0.167188 0.240392 0.205328 0.233042 0.129959 
w26,0 0.38716 0.0660871 0.173097 0.179841 0.39298 
w26,1 0.0651026 0.242026 0.371173 0.168847 0.466105 
w26,2 0.475119 0.458478 0.363022 0.181561 0.392389 
w26,3 0.132962 0.302891 0.276777 0.151401 0.123529 
w26,4 0.263639 0.233998 0.338162 0.272729 0.448725 
w26,5 0.395658 0.257613 0.095877 0.0481788 0.239038 
w26,6 0.130238 0.297586 0.168287 0.321703 0.0558336 
w26,7 0.388904 0.421318 0.191715 0.100948 0.367764 
w26,8 0.321498 0.190398 0.289092 0.260963 0.229451 
w26,9 0.288383 0.460353 0.290891 0.128616 0.0342027 
w27,0 0.328905 0.201992 0.0659045 0.125323 0.314623 
w27,1 0.264204 0.31105 0.36804 0.214456 0.241604 
w27,2 0.209427 0.0971426 0.309004 0.21373 0.0985784 
w27,3 0.217498 0.354123 0.2831 0.466025 0.238039 
w27,4 0.475464 0.0951267 0.270029 0.109169 0.494575 
w27,5 0.334132 0.364661 0.113558 0.228535 0.0691658 
w27,6 0.247586 0.482569 0.290922 0.456588 0.540716 
w27,7 0.353353 0.168552 0.475494 0.162783 0.3417 
w27,8 0.293494 0.435225 0.204652 0.071262 0.0622454 
w27,9 0.2009 0.502268 0.342071 0.442813 0.0803754 
w28,0 0.405601 0.392661 0.199007 0.104149 0.193334 
w28,1 0.207557 0.442767 0.116376 0.184358 0.399892 
w28,2 0.375813 0.356509 0.371493 0.323227 0.161139 
w28,3 0.110867 0.316364 0.451225 0.117368 0.0430644 
w28,4 0.0749197 0.0991992 0.0887424 0.295025 0.327466 
w28,5 0.263075 0.156646 0.229397 0.196663 0.0580707 
w28,6 0.411884 0.239787 0.0945516 0.293362 0.424808 
w28,7 0.418566 0.328658 0.1211 0.0998283 0.0473133 
w28,8 0.0979411 0.0477087 0.212637 0.290823 0.488027 
w28,9 0.102174 0.0149397 0.0531311 0.414111 0.425887 
w29,0 0.408406 0.244805 0.0771784 0.217814 0.364219 
w29,1 0.418864 0.260754 0.245478 0.210974 0.336902 
w29,2 0.148615 0.0771259 0.229404 0.170132 0.370367 
w29,3 0.432472 0.00213672 0.134786 0.203288 0.398223 
w29,4 0.377239 0.111963 0.328215 0.375461 0.189154 
w29,5 0.316841 0.181512 0.235369 0.235038 0.040935 
w29,6 0.180535 0.349779 0.118417 0.137679 0.0827202 
w29,7 0.338374 0.277573 0.288607 0.146379 0.0689748 
w29,8 0.0824461 0.203571 0.238446 0.07264 0.414017 
w29,9 0.182936 0.0139474 0.0748123 0.252703 0.440698 
w30,0 0.0563306 0.154935 0.139006 0.193956 0.113776 
w30,1 0.171288 0.194679 0.321737 0.260087 0.0518025 
w30,2 0.167331 0.054355 0.251149 0.263364 0.148151 
w30,3 0.140882 0.184867 0.329099 0.143195 0.0368245 
w30,4 0.464692 0.081579 0.17487 0.450809 0.16906 
w30,5 0.0788441 0.440573 0.0617057 -0.0164047 0.447739 
w30,6 0.353625 0.114721 0.0584015 0.120297 0.233055 
w30,7 0.139291 0.130946 0.260008 0.385813 0.389875 
w30,8 0.307663 0.249636 0.342955 0.406266 0.415802 
w30,9 0.319989 0.120818 0.42292 0.130085 0.202481 
w31,0 0.108929 0.307617 0.426642 0.308587 0.180372 
w31,1 0.286057 0.185421 0.0456231 0.0565862 0.377808 
w31,2 0.197902 0.371992 0.385883 0.073609 0.260806 
w31,3 0.418582 0.214968 0.371345 -0.0219245 0.0696267 
w31,4 0.389724 0.310384 0.365649 0.00372167 0.218286 
w31,5 0.159246 0.444357 0.0916194 0.119995 0.264493 
w31,6 0.38126 0.238177 0.00961118 0.322595 0.290109 
w31,7 0.299779 0.00385163 0.335157 -0.0190265 0.397223 
w31,8 0.0805094 0.210348 0.277945 0.280602 0.386358 
w31,9 0.249626 0.359082 0.0265449 0.319331 0.097491 
w32,0 0.199639 0.406345 0.311136 0.165932 0.0867376 
w32,1 0.390503 0.0987865 0.211834 0.156493 0.101223 
w32,2 0.358695 0.135697 0.284761 0.164284 0.219725 
w32,3 0.192386 0.280495 0.270385 0.00344668 0.349352 
w32,4 0.185121 0.271889 0.469165 0.361168 0.361433 
w32,5 0.324186 0.185082 0.162164 0.102536 0.302705 
w32,6 0.0895129 0.282639 0.185798 0.124851 0.166104 
w32,7 0.156554 0.326319 0.461715 0.35479 0.436463 
w32,8 0.0101586 0.451571 0.0231167 0.206851 0.064152 
w32,9 0.37455 0.0223707 0.299786 0.445396 0.0733791 
w33,0 0.241277 0.0308647 0.245832 0.17006 0.2129 
w33,1 0.171708 0.179905 0.246613 0.418442 0.309119 
w33,2 0.258475 0.00192072 0.120875 0.16868 0.327227 
w33,3 0.249295 0.244348 0.117434 0.0508782 0.0709389 
w33,4 0.15845 0.361487 0.11884 0.0857179 0.185347 
w33,5 0.288997 0.230312 0.0356459 0.215121 0.161061 
w33,6 0.0576054 0.221347 0.0687767 0.108157 0.183872 
w33,7 0.141163 0.440143 0.402425 0.163973 0.195335 
w33,8 0.361105 0.425078 0.139384 0.256266 0.247303 
w33,9 0.0514203 0.219611 0.215024 0.328058 0.0306327 
w34,0 0.102962 0.0886 0.176237 0.193344 0.108529 
w34,1 0.0692524 0.384374 0.108456 0.406881 0.357054 
w34,2 0.439266 0.121083 0.135224 0.25127 0.329651 
w34,3 0.236824 0.229196 0.15361 0.383514 0.190388 
w34,4 0.00736908 0.420035 0.431769 0.257968 0.45954 
w34,5 0.179119 0.26281 0.360613 0.182564 0.0194123 
w34,6 0.248893 0.0660419 0.259508 0.441607 0.307119 
w34,7 0.0993203 0.256611 0.378147 0.141912 0.143517 
w34,8 0.439006 0.445486 0.265412 0.161933 0.24206 
w34,9 0.033447 0.365772 0.299929 0.261682 0.0945799 
w35,0 0.112635 0.10456 0.141197 0.123025 0.37226 
w35,1 0.444971 0.413465 0.0672657 0.144749 0.164955 
w35,2 0.401948 0.261667 0.248008 0.442351 0.227628 
w35,3 0.273333 0.403192 0.469301 0.456169 0.382488 
w35,4 0.371914 0.310252 0.391581 0.285326 0.35444 
w35,5 0.22071 0.303616 0.207903 0.416308 0.243772 
w35,6 0.335154 0.405526 0.297362 0.154376 0.316143 
w35,7 0.2533 0.449928 0.247865 0.172229 0.252274 
w35,8 0.044455 0.327543 0.0962016 0.294145 0.329899 
w35,9 0.349411 0.367446 0.332916 0.476756 0.178139 
w36,0 0.351798 -0.00690912 0.0391594 0.025048 0.413314 
w36,1 0.131166 0.381557 0.133112 0.161113 0.38637 
w36,2 0.157304 0.261758 0.460943 0.465673 0.426364 
w36,3 0.152593 0.362442 0.365856 0.251496 0.224531 
w36,4 0.0999182 0.253191 0.423721 0.397129 0.448377 
w36,5 0.497027 0.441302 0.0890344 0.149074 0.223425 
w36,6 0.3695 0.405429 0.356538 0.217996 0.206564 
w36,7 0.342272 0.32668 0.375288 0.387165 0.14522 
w36,8 0.383761 0.106612 0.0788656 0.365405 0.462144 
w36,9 0.073326 0.241036 0.422927 0.317718 0.452491 
w37,0 0.249976 0.454619 0.393332 0.225716 0.142179 
w37,1 0.418994 0.0638172 0.185317 0.0820816 0.452169 
w37,2 0.0771042 0.454434 0.426628 0.45192 0.306731 
w37,3 0.373132 0.503479 0.247892 0.124452 0.200662 
w37,4 0.0287346 0.154456 0.0328962 0.0841155 0.163044 
w37,5 0.419158 0.439948 0.463072 0.396574 0.21563 
w37,6 0.405311 0.355164 0.260198 0.217895 0.307263 
w37,7 0.322357 0.336896 0.477223 0.362935 0.0252807 
w37,8 0.298352 0.081368 0.465494 0.316844 0.161881 
w37,9 0.106638 0.230038 0.28309 0.104354 0.0850054 
w38,0 0.33692 0.283732 0.317945 0.0454275 0.409905 
w38,1 0.132858 0.137501 0.350453 0.392566 0.476402 
w38,2 0.357962 0.398701 0.141676 0.141389 0.0452623 
w38,3 0.417507 0.386141 0.109613 0.229039 0.145714 
w38,4 0.322159 0.397267 0.0529795 0.318652 0.318905 
w38,5 0.222814 0.0606343 0.338142 0.0275424 0.195148 
w38,6 0.280985 0.0984934 0.318967 0.237939 0.0361594 
w38,7 0.168007 0.185166 0.337496 0.198026 0.279359 
w38,8 0.376059 0.0541319 0.364542 0.0509352 0.109581 
w38,9 0.247631 0.40453 0.204001 0.206506 0.411774 
w39,0 0.381604 0.171575 0.439662 0.392623 0.416671 
w39,1 0.519342 0.252979 0.239655 0.359763 0.326299 
w39,2 0.133988 0.306009 0.415024 0.0725815 0.0368704 
w39,3 0.253867 0.457298 0.456781 0.295589 0.440279 
w39,4 0.447155 0.176954 0.596784 0.411031 0.634778 
w39,5 0.303072 0.42147 0.232985 0.631792 0.238379 
w39,6 0.405119 0.224135 0.306902 0.61318 0.216481 
w39,7 0.488032 0.567568 0.556867 0.371669 0.243928 
w39,8 0.0946255 0.353981 0.405612 0.185306 0.13703 
w39,9 0.239034 0.297153 0.29781 0.27401 0.157663 
w40,0 0.374095 0.0839304 0.190134 0.403718 0.217503 
w40,1 0.202685 0.231214 0.501425 0.312223 0.382459 
w40,2 0.220377 0.177821 0.308087 0.326012 0.342541 
w40,3 0.390033 0.460931 0.232261 0.416191 0.132927 
w40,4 0.265231 0.0923795 0.289457 0.452296 0.465229 
w40,5 0.324508 0.339673 0.318587 0.514606 0.410779 
w40,6 0.156135 0.294545 0.267798 0.300338 0.354248 
w40,7 0.361328 0.145201 0.396281 0.299819 0.225484 
w40,8 0.306741 0.0306415 0.457941 0.413734 0.303378 
w40,9 0.218735 0.237586 0.107409 0.35461 0.0390372 
w41,0 0.307841 0.0758865 0.109894 0.42173 0.33063 
w41,1 0.355154 0.115158 0.144056 0.286026 0.359151 
w41,2 0.183861 0.19565 0.18586 0.0231991 0.162321 
w41,3 0.280086 0.223217 0.091639 0.32393 0.305201 
w41,4 0.222524 0.159617 0.223232 0.0534886 0.179288 
w41,5 0.346231 0.00365665 0.23601 0.0467633 0.304479 
w41,6 0.268831 0.246161 0.201444 0.310572 0.21259 
w41,7 0.324212 0.432674 0.303262 0.407746 0.162865 
w41,8 0.279714 0.0757102 0.215504 0.123293 0.285875 
w41,9 0.300952 0.355093 0.216161 0.364729 0.0631073 
w42,0 0.198453 0.112539 0.00931375 0.23895 0.39322 
w42,1 0.176449 0.230407 0.306425 0.0975797 0.285539 
w42,2 0.165497 0.379116 0.197343 0.0361796 0.383694 
w42,3 0.0765342 0.431017 0.382304 0.376753 0.0217669 
w42,4 0.451544 0.134526 0.341535 0.0370561 0.371061 
w42,5 0.370446 0.024251 0.382847 0.293074 0.0285342 
w42,6 0.268599 0.274166 0.0561262 0.156432 0.26472 
w42,7 0.167828 0.304598 0.38731 0.327661 0.342964 
w42,8 0.302056 0.076635 0.350963 0.157408 0.00469279 
w42,9 0.0565619 0.261561 0.425083 0.123846 0.283793 
w43,0 0.0904925 0.382677 0.0254261 0.172348 0.269316 
w43,1 0.350209 0.169742 0.310143 0.37224 0.0536296 
w43,2 0.457111 0.27763 0.461761 0.162162 0.413918 
w43,3 0.126766 0.213346 0.0939574 0.384424 0.354724 
w43,4 -0.00588456 0.00371627 0.338435 0.0639069 0.00550964 
w43,5 0.106675 0.312103 0.092614 0.298213 0.174625 
w43,6 0.136294 0.158951 0.0242796 0.443622 0.0922652 
w43,7 0.311573 0.109619 0.397532 0.0272746 0.343464 
w43,8 0.141379 0.283604 0.184504 0.0793276 0.327734 
w43,9 0.113797 0.249534 -0.00994499 0.109294 0.232009 
w44,0 0.418076 0.432754 0.262546 0.396001 0.154593 
w44,1 0.395971 0.0310669 0.100095 0.1469 0.132072 
w44,2 0.251772 0.376746 0.125431 0.267658 0.113287 
w44,3 0.100072 0.292703 0.415575 0.248823 0.136164 
w44,4 0.087404 0.173019 0.0894694 0.318158 0.0580259 
w44,5 0.0254684 0.16818 0.113852 0.146515 0.25388 
w44,6 0.188274 0.178854 0.405671 0.139528 0.423658 
w44,7 0.164051 0.347521 0.311912 0.369698 0.427381 
w44,8 0.247734 0.38195 0.374896 0.161965 0.278816 
w44,9 0.148292 0.0733528 0.0490806 0.32105 0.100282 
w45,0 0.220405 0.235323 0.148932 0.258644 0.451694 
w45,1 0.28992 0.0381301 0.450928 0.259525 0.309937 
w45,2 0.31413 0.132799 0.163113 0.105502 0.231358 
w45,3 0.422715 0.0821551 0.191164 0.402529 0.106226 
w45,4 0.358577 0.380463 0.392357 0.392476 0.16836 
w45,5 0.247759 0.269899 0.0415313 0.352449 0.0495657 
w45,6 0.23313 0.352507 0.180701 0.343466 0.21815 
w45,7 0.268397 0.421194 0.113472 0.210588 0.145308 
w45,8 0.203986 0.216683 0.438419 0.442632 0.25965 
w45,9 0.113042 0.329187 0.254918 0.448397 0.279207 
w46,0 0.237156 0.372785 0.47186 0.217106 0.215973 
w46,1 0.450919 0.381398 0.0847534 0.0742444 0.0765626 
w46,2 0.410753 0.441269 0.44541 0.21098 0.217369 
w46,3 0.134811 0.147595 0.106273 0.0408037 0.0724071 
w46,4 0.399169 0.389342 0.0748974 0.293793 0.475071 
w46,5 0.26913 0.29365 0.503995 0.30197 0.086765 
w46,6 0.163258 0.203348 0.133204 0.188119 0.43611 
w46,7 0.484027 0.182857 0.112442 0.0601761 0.330171 
w46,8 0.281241 0.334244 0.256025 0.162805 0.486806 
w46,9 0.409162 0.0470867 0.0911185 0.375128 0.227406 
w47,0 0.438898 0.0490235 0.278273 0.0508869 0.207101 
w47,1 0.0559827 0.184261 0.0371348 0.303985 0.179966 
w47,2 0.290096 0.105537 0.202113 0.246973 0.34444 
w47,3 0.079115 0.117568 0.0784227 0.285546 0.260066 
w47,4 0.218572 0.0561001 0.0187734 0.164422 0.355378 
w47,5 0.426836 0.198386 0.400289 0.12328 0.135508 
w47,6 0.143541 0.351975 0.044171 0.238099 0.295317 
w47,7 0.380049 0.293294 0.215408 0.354921 0.269749 
w47,8 0.243604 0.165994 0.351474 0.107798 0.0541518 
w47,9 0.263836 0.251976 0.299446 0.301407 0.101735 
w48,0 0.364052 0.111057 0.291906 0.143777 0.0898421 
w48,1 0.136551 0.145549 0.432628 0.179643 0.223971 
w48,2 0.428602 0.156333 0.125237 0.259613 0.229528 
w48,3 0.143657 0.142462 0.0626169 0.236496 0.0845945 
w48,4 0.53218 0.459963 0.4886 0.33947 0.198445 
w48,5 0.212717 0.277635 0.11277 0.171213 0.410631 
w48,6 0.121567 0.111227 0.148096 0.114637 0.193134 
w48,7 0.142951 0.508829 0.474312 0.15405 0.324416 
w48,8 0.188475 0.141053 0.354353 0.418047 0.0327471 
w48,9 0.400456 0.194726 0.0567641 0.412812 0.154244 
w49,0 0.351568 0.0834924 0.0587249 0.374016 0.326088 
w49,1 0.0380189 0.245577 0.446176 0.404275 0.407732 
w49,2 0.177061 0.168115 0.25559 0.0885742 0.44011 
w49,3 0.0822259 0.312834 0.468441 0.0807432 0.298686 
w49,4 0.300172 0.422404 0.0293828 0.344521 0.0995213 
w49,5 0.214867 0.248575 0.0201477 0.228473 0.149123 
w49,6 0.198675 0.159881 0.317745 0.350869 0.412907 
w49,7 0.352984 0.0234984 0.426548 0.268395 0.210387 
w49,8 0.151965 0.303248 0.271332 0.288687 0.171593 
w49,9 0.214609 0.419268 0.348485 0.350957 0.142875 
w50,0 0.367554 0.0459817 0.319771 0.265322 0.425805 
w50,1 0.158469 0.0520589 0.0744884 0.223806 0.338751 
w50,2 0.0274225 0.369287 0.296794 0.067085 0.292621 
w50,3 0.325209 0.244535 0.45945 0.367302 0.275389 
w50,4 0.364731 0.0350315 0.156785 0.233654 0.436422 
w50,5 0.185228 0.0692151 0.095349 0.164039 0.37347 
w50,6 0.293415 0.0992216 0.289053 0.395758 0.0418326 
w50,7 0.240998 0.36662 0.211554 0.216843 0.173399 
w50,8 0.1452 0.416425 0.156135 0.25152 0.300528 
w50,9 0.0937426 0.131707 0.442972 0.459929 0.234263 
w51,0 0.439357 0.248239 0.0391796 0.162272 0.47586 
w51,1 0.459963 0.0754773 0.0553425 0.0538382 0.442841 
w51,2 0.107685 0.324307 0.469255 0.193686 0.162876 
w51,3 0.21089 0.0772667 0.460937 0.232703 0.329922 
w51,4 0.218545 0.319449 0.463533 0.252568 0.232881 
w51,5 0.180455 0.318399 0.251766 0.197088 0.0350594 
w51,6 0.402387 0.0822329 0.475109 0.307798 0.342055 
w51,7 0.337508 0.083327 0.418 0.0743683 0.322666 
w51,8 0.246276 0.103305 0.202855 0.354474 0.333878 
w51,9 0.334839 0.0731574 0.377421 0.322346 0.440279 
w52,0 0.133254 0.0525692 0.294048 0.178062 0.441059 
w52,1 0.111828 0.405857 0.176352 0.435789 0.314526 
w52,2 0.0767018 0.230834 0.50708 0.355679 0.125287 
w52,3 0.381471 0.250052 0.0204431 0.107779 0.0657002 
w52,4 0.198233 0.0117204 0.0488058 0.439973 0.194911 
w52,5 0.302201 0.472 0.179307 0.048178 0.395224 
w52,6 0.319895 0.135225 0.248491 0.154437 0.245665 
w52,7 0.141768 0.208981 0.330065 0.486944 0.286574 
w52,8 0.139119 0.232364 0.322926 0.11226 0.161 
w52,9 0.465734 0.0258077 0.180061 0.236965 0.0735567 
w53,0 0.313059 0.104364 0.132189 0.0676556 0.264589 
w53,1 0.313788 0.328031 0.318878 0.355966 0.119679 
w53,2 0.183204 0.4456 0.0775134 0.0930923 0.0638244 
w53,3 0.0840736 0.385215 0.0319594 0.138549 0.286203 
w53,4 0.259689 0.156618 0.42494 0.158046 0.218305 
w53,5 0.0832804 0.102389 0.218621 0.266925 0.380498 
w53,6 0.149615 0.425488 0.0192628 0.396137 0.0818341 
w53,7 0.408645 0.125505 0.433064 0.110441 0.411508 
w53,8 0.0549676 0.183953 0.209828 0.00483581 0.189271 
w53,9 0.158197 0.140664 0.252714 0.372154 0.404093 
w54,0 0.400737 0.353232 0.0418818 0.372416 0.202982 
w54,1 0.360049 0.0337546 0.0446428 0.278579 0.0534964 
w54,2 0.281806 0.247762 0.358833 0.366156 0.0838288 
w54,3 0.263296 -0.000424752 0.232599 0.412058 0.158846 
w54,4 0.41384 0.227852 0.424213 0.114873 0.304737 
w54,5 0.262666 0.197071 0.0822291 0.081876 0.364491 
w54,6 0.225172 0.223514 0.130717 -0.0249989 0.198712 
w54,7 0.311824 0.420484 0.188873 0.349687 0.333428 
w54,8 0.0557691 -0.00318396 0.146479 0.378207 0.151669 
w54,9 0.291947 0.261954 0.134907 0.109864 0.102031 
w55,0 0.204035 0.493224 0.277659 0.174258 0.562843 
w55,1 0.0928783 0.22727 0.104614 0.249111 0.0880356 
w55,2 0.340986 0.184565 0.270605 0.535288 0.392606 
w55,3 0.386381 0.324392 0.284832 0.251854 0.235447 
w55,4 0.408031 0.360556 0.558796 0.318108 0.563695 
w55,5 0.481722 0.453907 0.269869 0.108097 0.307935 
w55,6 0.570517 0.317836 0.586352 0.458517 0.510062 
w55,7 0.658729 0.591217 0.628719 0.66554 0.224951 
w55,8 0.387816 0.332502 0.345913 0.327583 0.351803 
w55,9 0.394734 0.227578 0.194959 0.162715 0.18409 
w56,0 0.113279 0.318305 0.118259 0.112363 0.0637575 
w56,1 0.324839 0.329723 0.236726 0.307757 0.272251 
w56,2 0.378468 0.419555 0.229473 0.163687 0.482477 
w56,3 0.0840352 0.354326 0.499048 0.349825 0.0753235 
w56,4 0.259666 0.0933626 0.422143 0.419006 -0.00959614 
w56,5 0.321261 0.329395 0.0510441 0.302213 0.137789 
w56,6 0.409465 0.145215 0.200383 0.0927785 0.144033 
w56,7 0.294586 0.414578 0.366179 0.27349 0.0974409 
w56,8 0.29649 0.429517 0.236187 0.167443 0.263151 
w56,9 0.161872 0.426949 0.128655 0.180631 0.346606 
w57,0 0.0970893 0.127283 0.154413 0.0636065 0.193774 
w57,1 0.0554923 0.4521 0.445748 0.125162 0.381852 
w57,2 0.26438 0.183154 0.292619 0.501143 0.0971377 
w57,3 0.197237 0.326495 0.12587 0.106324 0.45692 
w57,4 0.421505 0.28352 0.0301797 0.384684 0.120016 
w57,5 0.0233265 0.405844 0.422378 0.322661 0.308043 
w57,6 0.0462848 0.432057 0.159759 0.0763606 0.167917 
w57,7 0.431604 0.261984 0.306101 0.343121 0.275275 
w57,8 0.348606 0.0448041 0.156147 0.109878 0.403519 
w57,9 0.277753 0.434584 0.481688 0.272986 0.337551 
w58,0 0.28368 0.354314 0.0733088 0.181306 0.122164 
w58,1 0.273582 0.507237 0.193966 0.12855 0.288257 
w58,2 0.208747 0.136519 0.240176 0.295094 0.44999 
w58,3 0.249249 0.198665 0.350041 0.247714 0.385468 
w58,4 0.262252 0.235438 0.342704 0.26273 0.108348 
w58,5 0.310423 0.324111 0.337624 0.384084 0.28186 
w58,6 0.524728 0.236815 0.212243 0.349594 0.345808 
w58,7 0.560087 0.580905 0.344653 0.505454 0.394569 
w58,8 0.273454 0.090021 0.178354 0.371979 0.475476 
w58,9 0.162853 0.0909787 0.156224 0.213738 0.397611 
w59,0 0.126702 0.187069 0.42095 0.30318 0.17199 
w59,1 -0.000294002 0.312605 0.297816 0.0530871 0.0795292 
w59,2 0.121493 0.336451 0.262858 0.186833 0.252066 
w59,3 0.0689508 0.311436 0.238266 0.0362407 0.343059 
w59,4 0.401123 0.272885 0.313566 0.0764193 0.0484374 
w59,5 0.239989 0.179808 0.337669 0.405702 0.217641 
w59,6 0.108857 0.422509 0.101065 0.0615856 0.339478 
w59,7 0.425475 0.378613 0.261196 0.246086 0.22428 
w59,8 0.0337607 0.244312 0.343472 0.257154 0.425926 
w59,9 0.0899954 -0.00519004 0.366011 0.259482 0.166931 
w60,0 0.0261833 0.00492444 0.0306283 0.0262392 0.049199 
w60,1 0.436979 0.17158 0.107686 0.00855104 0.161713 
w60,2 0.187241 0.36704 0.420587 0.140695 0.24324 
w60,3 0.149272 0.400958 0.288746 0.237227 0.1653 
w60,4 0.101011 0.0685153 0.408526 0.0208406 0.0991072 
w60,5 0.271841 0.101208 0.253906 0.0819395 0.186373 
w60,6 0.0821049 0.283191 0.348939 0.311377 0.0173022 
w60,7 0.109882 0.241204 0.371817 0.20698 0.288837 
w60,8 0.431454 0.326248 0.406298 0.149769 0.255124 
w60,9 0.431593 0.430998 0.264748 0.286551 0.0119872 
w61,0 0.211378 0.279158 0.365365 0.14663 0.201315 
w61,1 0.263793 0.24763 0.166456 0.461226 0.0449395 
w61,2 0.169131 0.36692 0.465031 0.232507 0.0791348 
w61,3 0.0533055 0.399994 0.243854 0.240496 0.231112 
w61,4 0.140755 0.280297 0.00811173 0.257751 0.136089 
w61,5 0.199768 0.36868 0.250245 0.280736 0.147421 
w61,6 0.277372 0.394206 0.206625 0.182046 0.0823733 
w61,7 0.423989 0.44772 0.0779057 0.145032 0.00862971 
w61,8 0.275811 0.387118 0.294036 0.0577927 0.390405 
w61,9 0.426665 0.448486 0.341074 0.115801 0.386229 
w62,0 0.0893706 0.483912 0.352767 0.208656 0.389809 
w62,1 0.152783 0.27572 0.280561 0.163409 0.0740141 
w62,2 0.302094 0.152506 0.235916 0.455762 0.0920102 
w62,3 0.281969 0.120502 0.189921 0.333391 0.395632 
w62,4 0.201327 0.36398 0.142337 0.190492 0.473436 
w62,5 0.285398 0.429197 0.374759 0.298853 0.344836 
w62,6 0.0572097 0.40751 0.166449 0.492611 0.139185 
w62,7 0.402376 0.115794 0.257033 0.387323 0.275246 
w62,8 0.0477073 0.273997 0.319712 0.0528699 0.185084 
w62,9 0.194063 0.0835232 0.41898 0.414905 0.348347 
w63,0 0.170139 0.167798 -0.0278391 -0.0240184 0.252502 
w63,1 0.396368 -0.00194234 0.305583 0.15179 0.227072 
w63,2 0.144108 0.0405254 0.0947061 0.144913 0.0651945 
w63,3 0.148897 0.358771 0.058145 0.212575 0.00947914 
w63,4 0.0583412 0.457298 0.122735 0.189943 0.0999565 
w63,5 0.29007 0.448563 0.063382 0.211991 0.229053 
w63,6 0.0536948 0.158482 -0.029254 0.311821 0.1451 
w63,7 0.0153523 0.201414 0.313003 0.42234 0.110131 
w63,8 0.304984 0.0708144 0.388859 0.349668 0.401086 
w63,9 0.0996638 -0.0240365 0.230638 0.171906 0.112191 
w64,0 0.22922 0.19967 0.40222 0.0236651 0.166116 
w64,1 0.399121 0.228159 0.276059 0.00160177 0.42021 
w64,2 0.0234025 0.141286 0.228496 0.365442 0.1943 
w64,3 0.421829 0.197221 0.378885 -0.00513243 0.37354 
w64,4 0.371715 -0.0034364 0.0398723 0.149845 0.00340101 
w64,5 0.255349 0.297541 0.33946 0.282034 0.127679 
w64,6 0.259628 0.193295 0.0244025 0.0572581 0.333781 
w64,7 0.208859 0.387328 0.116636 0.379699 0.41371 
w64,8 0.0295497 0.260619 0.0483738 0.316455 0.186569 
w64,9 0.331219 0.377812 0.312732 0.300432 0.170163 
w65,0 0.387046 0.390323 0.390842 0.248473 0.194178 
w65,1 0.300905 0.236885 0.34376 0.362245 0.155386 
w65,2 0.455595 0.386817 0.337721 0.244756 0.20672 
w65,3 0.41453 0.044935 0.0691804 0.418319 0.356272 
w65,4 0.220105 0.16157 0.442572 0.149572 0.344146 
w65,5 0.29176 0.189863 0.00526288 0.26892 0.228358 
w65,6 0.181113 0.111058 0.254768 0.227292 0.225598 
w65,7 0.265875 0.383688 0.207532 0.426238 0.0588257 
w65,8 0.036488 0.190217 0.268546 0.298369 0.42335 
w65,9 0.224708 0.194669 0.216369 0.384565 0.0450349 
w66,0 0.197346 0.198052 0.219544 0.260635 0.0148744 
w66,1 0.022227 0.124742 0.163258 0.0872837 0.26554 
w66,2 0.404961 0.0689863 0.176166 -0.000507144 0.255697 
w66,3 0.254234 0.36485 0.398392 0.338055 0.348335 
w66,4 0.00860563 0.360291 0.018792 0.0647364 0.173267 
w66,5 0.0840182 0.0326893 0.128339 0.323175 0.266376 
w66,6 0.0773714 0.411961 0.223455 0.370598 0.258916 
w66,7 0.309716 0.270599 0.0864926 0.101649 0.18227 
w66,8 0.192208 0.0329276 0.323516 0.172777 0.394151 
w66,9 0.339158 0.0566628 0.335833 0.356233 -0.000974395 
w67,0 0.510443 0.443366 0.152015 0.330368 0.129368 
w67,1 0.185435 0.338076 0.219345 0.0997969 0.362851 
w67,2 0.558687 0.341571 0.139003 0.442908 0.255423 
w67,3 0.306112 0.361738 0.200721 0.145461 0.384339 
w67,4 0.144502 0.434625 0.537055 0.58235 0.163216 
w67,5 0.339607 0.2311 0.507219 0.363562 0.286226 
w67,6 0.14663 0.256764 0.380527 0.422379 0.46453 
w67,7 0.461484 0.425753 0.457542 0.293106 0.392404 
w67,8 0.516506 0.463996 0.224363 0.417625 0.117556 
w67,9 0.368818 0.288931 0.48613 0.165508 0.106472 
w68,0 0.372935 0.469615 0.336026 0.159145 0.339968 
w68,1 0.198672 0.397715 0.254003 0.141598 0.139813 
w68,2 0.214252 0.45209 0.513933 0.238208 0.495354 
w68,3 0.45758 0.40376 0.406267 0.394619 0.172532 
w68,4 0.379408 0.289919 0.364281 0.449492 0.475654 
w68,5 0.453066 0.440369 0.355459 0.332707 0.385803 
w68,6 0.267217 0.452031 0.113972 0.350097 0.28823 
w68,7 0.464392 0.188355 0.342766 0.289254 0.414062 
w68,8 0.0625853 0.263816 0.205324 0.344783 0.435186 
w68,9 0.0838584 0.404105 0.231216 0.319053 0.383074 
w69,0 0.24904 0.195325 0.446454 0.254051 0.143291 
w69,1 0.315196 0.440026 0.4443 0.231614 0.212759 
w69,2 0.269221 0.0405119 0.0715611 0.321418 0.168241 
w69,3 0.0372538 0.319654 0.331442 0.36228 0.191979 
w69,4 0.324478 0.127746 0.181878 0.225149 0.266185 
w69,5 0.408585 0.46351 0.094019 0.31986 0.432175 
w69,6 0.0461158 0.192361 0.324871 0.159878 0.256693 
w69,7 0.0942971 0.229567 0.405479 0.304541 0.252278 
w69,8 0.0223552 0.157535 0.119389 0.213482 0.124853 
w69,9 0.253606 0.11431 0.159437 0.131095 0.39309 
w70,0 0.330752 0.1964 0.184911 0.182872 0.459003 
w70,1 -0.0413826 0.00117372 -0.0299035 0.00680662 0.0514327 
w70,2 0.323049 0.158073 0.238192 0.345369 0.0401956 
w70,3 0.322247 0.0284229 0.00541867 0.204202 0.355376 
w70,4 0.330036 0.310318 0.0440054 0.177234 0.402191 
w70,5 0.258299 0.279104 0.0518806 0.102011 0.21228 
w70,6 0.191237 0.330787 0.0394363 0.230502 0.207898 
w70,7 0.142999 0.381991 0.0236364 0.264157 0.222346 
w70,8 0.380481 0.218652 0.121122 0.223747 0.211234 
w70,9 0.167018 0.282195 0.143112 0.104582 0.322254 
w71,0 0.283443 0.00908642 0.365272 0.105225 0.17443 
w71,1 0.428011 0.245706 0.187252 0.0840202 0.414806 
w71,2 0.194121 0.317095 0.0817755 0.243004 0.458497 
w71,3 0.360655 0.444442 0.107098 0.105837 0.363431 
w71,4 0.191886 0.124107 0.341424 0.435605 0.0629168 
w71,5 0.273 0.131729 0.136821 0.379425 0.405633 
w71,6 0.109856 0.107651 0.0377623 0.0860844 0.170147 
w71,7 0.384382 0.341485 0.0174247 0.0931792 0.248442 
w71,8 0.147449 0.283033 0.298269 0.222906 0.215095 
w71,9 0.224147 0.0608781 0.36372 0.273049 0.175637 
w72,0 0.411293 0.263353 0.122707 0.150685 0.344783 
w72,1 0.0630048 0.382718 0.278216 0.114942 0.42544 
w72,2 0.399238 0.267057 0.412426 0.162723 0.450614 
w72,3 0.4256 0.174151 0.377171 0.223138 0.291761 
w72,4 0.409424 0.413154 0.391885 0.244833 0.428664 
w72,5 0.14685 0.365636 0.36494 0.360007 0.0922833 
w72,6 0.454906 0.207211 0.139161 0.33374 0.370925 
w72,7 0.477159 0.421412 0.324355 0.286789 0.1084 
w72,8 0.250023 0.221975 0.198947 0.137092 0.172028 
w72,9 0.47979 0.474042 0.100723 0.24174 0.393138 
w73,0 0.271035 0.398504 0.466542 0.461637 0.153632 
w73,1 0.202284 0.494098 0.0544319 0.0689636 0.124344 
w73,2 0.458044 0.0609531 0.429976 0.347191 0.376225 
w73,3 0.343761 0.0358975 0.477102 0.211123 0.19064 
w73,4 0.0449733 0.381786 0.0603 0.0396236 0.40769 
w73,5 0.209792 0.146525 0.442638 0.0590531 0.239447 
w73,6 0.183486 0.35232 0.360254 0.234947 0.104422 
w73,7 0.462352 0.313822 0.0833713 0.468514 0.107891 
w73,8 0.26531 0.386856 0.112167 0.293496 0.430252 
w73,9 0.135177 0.404837 0.0579098 0.054202 0.2646 
w74,0 0.261432 0.0250129 0.205093 0.202721 0.202393 
w74,1 0.10861 0.0762827 0.264871 0.30496 0.262506 
w74,2 0.205603 0.339763 0.211467 0.289645 0.0697649 
w74,3 0.327656 0.258869 0.403051 0.442518 0.406855 
w74,4 0.238151 0.178161 0.0636833 0.420982 0.036738 
w74,5 0.30967 0.171703 0.46923 0.111875 0.352956 
w74,6 0.487593 0.175626 0.317373 0.414379 0.116208 
w74,7 0.10628 0.377002 0.469519 0.0940699 0.455095 
w74,8 0.425267 0.087081 0.219305 0.306378 0.124754 
w74,9 0.235958 0.424013 0.361372 0.244751 0.144332 
w75,0 0.111242 0.21282 0.307126 0.379717 0.446677 
w75,1 0.436466 0.194401 0.271408 0.222816 0.280063 
w75,2 0.318946 0.0579907 0.303106 0.325987 0.159194 
w75,3 0.34333 0.321792 0.384598 0.148859 0.338503 
w75,4 0.128949 0.132165 0.300013 0.160964 0.286241 
w75,5 0.0217136 0.0804216 0.240773 0.281361 0.160844 
w75,6 0.131477 0.17566 0.0696485 0.253865 0.373189 
w75,7 0.364973 0.297172 0.20524 0.354242 0.136461 
w75,8 0.210578 0.325758 0.22385 0.045286 0.413453 
w75,9 0.244367 0.159581 0.39217 0.255327 0.176906 
w76,0 0.112983 0.246114 0.498701 0.308622 0.338386 
w76,1 0.411255 0.0685387 0.0535818 0.306636 0.0704411 
w76,2 0.202716 0.401471 0.39789 0.0911866 0.165169 
w76,3 0.283395 0.405282 0.0563771 0.259379 0.0623308 
w76,4 0.264887 0.416461 0.402869 0.371752 0.309118 
w76,5 0.0387394 0.330661 0.360071 0.236587 0.422174 
w76,6 0.258767 0.171674 0.0474112 0.205245 0.447466 
w76,7 0.19748 0.472508 0.0609835 0.154028 0.253774 
w76,8 0.068749 0.0361444 0.212413 0.331508 0.187161 
w76,9 0.353445 0.373293 0.22088 0.122857 0.288056 
w77,0 0.146388 0.319775 0.23887 0.116702 0.474545 
w77,1 0.386719 0.313667 0.490955 0.396094 0.478294 
w77,2 0.404262 0.287503 0.134078 0.395018 0.164115 
w77,3 0.0980738 0.150943 0.121142 0.310773 0.167229 
w77,4 0.211375 0.0595622 0.465999 0.0973318 0.343774 
w77,5 0.155861 0.282459 0.25581 0.367629 0.275659 
w77,6 0.338638 0.136933 0.265512 0.569215 0.138878 
w77,7 0.3526 0.550445 0.217361 0.352919 0.20182 
w77,8 0.358427 0.312691 0.143778 0.326613 0.292708 
w77,9 0.27612 0.310035 0.242519 0.195737 0.529753 
w78,0 0.222328 0.142202 0.27381 0.272757 0.343878 
w78,1 0.173401 0.192181 0.326053 0.150759 0.267656 
w78,2 0.473088 0.129143 0.470969 0.427806 0.470973 
w78,3 0.368629 0.323668 0.309001 0.174182 0.0922814 
w78,4 0.25173 0.178551 0.104119 0.426881 0.384877 
w78,5 0.166065 0.330812 0.206028 0.368066 0.456718 
w78,6 0.399273 0.312067 0.497173 0.387806 0.12216 
w78,7 0.346938 0.42866 0.394684 0.272396 0.152657 
w78,8 0.377264 0.452715 0.306524 0.0847146 0.0616703 
w78,9 0.266639 0.284969 0.451481 0.0956997 0.315549 
w79,0 0.406293 0.00193866 0.079587 0.35055 0.0926276 
w79,1 0.288773 0.163114 0.197244 0.418427 0.1335 
w79,2 0.18297 0.0941114 0.125406 0.374651 0.0096632 
w79,3 0.047543 0.340651 0.292998 0.211958 0.423171 
w79,4 0.38437 0.324305 0.124223 0.411217 0.0539483 
w79,5 0.0804054 0.375488 0.105581 0.373553 0.364432 
w79,6 0.0764315 0.00530893 0.0779975 0.152571 0.155354 
w79,7 0.330653 -0.0114524 0.302989 0.226019 0.437184 
w79,8 0.361965 0.28234 0.157058 0.235595 0.0804506 
w79,9 0.380269 0.30303 0.0837514 0.281529 0.00301132 
w80,0 0.290727 0.289589 0.246241 0.212735 0.100922 
w80,1 0.134619 0.0699653 0.275347 0.221972 0.179372 
w80,2 0.107729 0.298813 0.444244 0.189331 0.34372 
w80,3 0.195449 0.440343 0.290468 0.203089 0.0760995 
w80,4 0.193367 0.191918 0.154635 0.0289596 0.250666 
w80,5 0.415109 0.183679 0.170515 0.468716 0.476068 
w80,6 0.271909 0.423656 0.216183 0.361996 0.427242 
w80,7 0.220264 0.106 0.109714 0.225812 0.108086 
w80,8 0.238002 0.220237 0.200783 0.157491 0.461713 
w80,9 0.160534 0.191178 0.127625 0.367601 0.272862 
w81,0 0.0485287 0.0769392 0.277614 0.288869 0.236834 
w81,1 0.490549 0.182245 0.48822 0.252084 0.467007 
w81,2 0.143008 0.169473 0.434686 0.410471 0.142749 
w81,3 0.34814 0.199733 0.245625 0.1 0.128696 
w81,4 0.239427 0.385882 0.190721 0.396953 0.107836 
w81,5 0.425446 0.538054 0.135048 0.456841 0.137078 
w81,6 0.492317 0.459669 0.286845 0.321664 0.318628 
w81,7 0.100898 0.437536 0.281455 0.205878 0.270917 
w81,8 0.345986 0.540864 0.325147 0.425784 0.285049 
w81,9 0.0437186 0.14882 0.137 0.206296 0.424052 
w82,0 0.424953 0.302427 0.0151662 0.154494 0.00491818 
w82,1 0.238714 0.411293 0.0777561 0.330205 0.337862 
w82,2 0.146718 0.136914 0.296645 0.0659439 0.214468 
w82,3 0.2738 0.0764438 0.130155 0.282771 0.427968 
w82,4 0.19986 0.417115 0.124679 0.220203 0.215686 
w82,5 0.384359 0.26772 0.378347 0.258589 0.158217 
w82,6 0.273196 0.0175299 0.0457594 0.172723 0.225716 
w82,7 0.234261 0.270406 0.262772 0.216747 0.144422 
w82,8 0.430668 0.189056 0.249547 0.138558 0.0252424 
w82,9 0.200856 0.348117 0.315503 0.337993 0.391558 
w83,0 0.27263 0.261185 0.349393 0.279247 0.118516 
w83,1 0.1951 0.086098 0.433269 0.276951 0.198224 
w83,2 0.125005 0.365281 0.385657 0.10843 0.197922 
w83,3 0.123856 0.0243069 0.237798 0.0012882 0.466704 
w83,4 0.352702 0.238801 0.0409005 0.32549 0.0440638 
w83,5 0.236842 0.173052 0.126296 0.414811 0.375773 
w83,6 0.194608 0.179243 0.102874 0.0992419 0.427378 
w83,7 0.402387 0.335718 0.448611 0.357716 0.228226 
w83,8 0.239802 0.254976 0.25702 0.281242 0.0358775 
w83,9 0.0671587 0.0480874 0.416846 0.390031 0.444892 
w84,0 0.279694 0.220323 0.146184 0.332542 0.292834 
w84,1 0.0170224 0.331509 0.0725527 0.368207 0.0917494 
w84,2 0.40307 0.0583827 -0.0138376 0.391579 0.227861 
w84,3 0.40308 0.0631387 0.305167 0.35252 0.0131494 
w84,4 0.0532342 0.338141 0.0657645 0.200306 0.00998691 
w84,5 0.0392152 0.211013 0.42718 0.26425 0.35706 
w84,6 0.00932154 0.415229 0.412435 0.141863 0.137842 
w84,7 0.371532 0.330338 0.434447 0.00586152 0.23329 
w84,8 0.361859 0.0701468 0.0602368 0.155045 0.107049 
w84,9 0.428109 0.175661 0.0222313 0.274484 0.099594 
w85,0 0.134956 0.391206 0.0682728 0.358613 0.113783 
w85,1 0.0591372 0.178526 0.212485 0.0492513 0.412062 
w85,2 0.094864 0.175814 0.177361 0.163629 0.129545 
w85,3 0.169038 0.325695 0.214188 0.353042 0.257405 
w85,4 0.118814 0.0772783 0.322441 0.356091 0.214456 
w85,5 0.347764 0.0680133 0.178508 0.0375485 0.171903 
w85,6 0.0596644 0.0720073 0.0453067 0.420211 0.370956 
w85,7 0.272838 0.183401 0.415607 0.345625 0.0438674 
w85,8 0.238137 0.342611 0.236002 0.276466 0.326853 
w85,9 0.053186 0.377225 0.250729 0.0745393 0.149337 
w86,0 0.453618 0.305049 0.353737 0.310244 0.137566 
w86,1 0.702714 0.603214 0.645262 0.664176 0.441408 
w86,2 0.474767 0.34 0.500418 0.2348 0.181268 
w86,3 0.241005 0.560718 0.455729 0.155146 0.536032 
w86,4 0.276796 0.462047 0.545335 0.555699 0.365244 
w86,5 0.531893 0.284259 0.565051 0.230273 0.366882 
w86,6 0.271917 0.672803 0.365516 0.120623 0.446433 
w86,7 0.104771 0.192513 0.295498 0.0307387 0.299793 
w86,8 0.454189 0.53823 0.29272 0.355975 0.210571 
w86,9 0.392059 0.284079 0.32127 0.346469 0.232094 
w87,0 0.0358976 0.039258 0.168423 0.274048 0.0680872 
w87,1 0.368932 0.0231019 0.0921549 0.147005 0.301155 
w87,2 0.398343 0.163425 0.339424 0.0492618 0.150634 
w87,3 0.0353708 0.129816 0.314434 0.422983 0.163249 
w87,4 0.0665774 0.0373485 0.275186 0.415716 0.124398 
w87,5 0.0393902 0.154392 0.133429 0.214788 0.0320918 
w87,6 0.0275927 0.437473 0.417084 0.309007 0.433369 
w87,7 0.310038 0.329769 0.102803 0.225201 0.190274 
w87,8 0.3504 0.258819 0.371342 0.273891 0.115678 
w87,9 0.15469 0.227462 0.175943 0.0996022 0.093831 
w88,0 0.199123 0.513802 0.127648 0.148711 0.130405 
w88,1 0.564427 0.445181 0.376904 0.150406 0.604584 
w88,2 0.388639 0.143257 0.384879 0.59807 0.41228 
w88,3 0.205284 0.147653 0.29273 0.239116 0.353362 
w88,4 0.52377 0.364717 0.48371 0.425853 0.141883 
w88,5 0.340019 0.324775 0.338003 0.540974 0.235455 
w88,6 0.209102 0.345771 0.048213 0.162624 0.329411 
w88,7 0.294062 0.484063 0.379581 0.170543 0.393402 
w88,8 0.37057 0.0137299 0.397869 0.482416 0.152792 
w88,9 0.383262 0.236288 0.103643 0.293005 0.539492 
w89,0 0.198062 0.0586278 0.284693 0.19062 0.0120781 
w89,1 0.203974 0.287259 0.141219 0.136192 0.164609 
w89,2 0.277328 0.375253 0.283918 0.247171 0.291921 
w89,3 0.170824 0.160413 0.234732 0.391003 0.0195058 
w89,4 0.422477 0.165609 0.37228 0.392144 0.181906 
w89,5 0.13905 0.372337 0.0243461 0.363384 0.0209494 
w89,6 0.364266 0.167375 0.0813849 0.336305 0.394776 
w89,7 0.18345 0.0464933 0.174131 0.0494749 0.133028 
w89,8 0.130979 0.130651 0.191367 0.385772 0.236226 
w89,9 0.0197848 0.316915 0.0377859 0.324407 0.135522 
w90,0 0.213292 0.465796 0.235351 0.0702001 0.413137 
w90,1 0.307489 0.229163 0.380981 0.0956998 0.417346 
w90,2 0.159732 0.309053 0.14067 0.343574 0.412464 
w90,3 0.455998 0.0601668 0.376346 0.412435 0.0701582 
w90,4 0.397496 0.263705 0.480055 0.103539 0.301601 
w90,5 0.409485 0.259044 0.0749628 0.215634 0.395565 
w90,6 0.187739 0.356201 0.153497 0.417195 0.0311268 
w90,7 0.0725192 0.151168 0.359517 0.338009 0.383489 
w90,8 0.109911 0.2657 0.340833 0.0866194 0.221318 
w90,9 0.306388 0.478359 0.149998 0.359217 0.374065 
w91,0 0.311401 0.0429623 0.289094 0.428845 0.259258 
w91,1 0.272159 -0.043007 0.301234 0.0348388 -0.038649 
w91,2 0.110988 0.228404 0.234231 0.0503125 0.0406354 
w91,3 0.168651 0.381621 0.318616 0.240249 0.0751804 
w91,4 0.212008 0.309903 -0.00695 0.107227 0.283459 
w91,5 0.00452102 0.0106448 0.32586 0.347794 0.302257 
w91,6 0.212739 0.00335156 0.245819 0.175354 0.00557108 
w91,7 0.175838 0.0538095 -0.0210587 0.303263 0.323111 
w91,8 -0.0380959 0.095851 0.188803 0.0184143 -0.0565994 
w91,9 0.229589 -0.0137049 0.0951592 0.109881 0.312141 
w92,0 0.0936641 0.352685 0.26813 0.187767 0.163296 
w92,1 0.330042 0.218148 0.0819182 0.249643 0.290729 
w92,2 0.259475 0.454564 0.424434 0.495948 0.490539 
w92,3 0.258479 0.292895 0.0414504 0.46633 0.0701774 
w92,4 0.159405 0.285684 0.293726 0.366919 0.0835059 
w92,5 0.0775116 0.197802 0.228898 0.125217 0.16831 
w92,6 0.258416 0.481333 0.392306 0.0613824 0.220971 
w92,7 0.452936 0.503724 0.0818473 0.47041 0.131378 
w92,8 0.218177 0.11761 0.210156 0.332163 0.150497 
w92,9 0.369966 0.372717 0.165598 0.187675 0.477015 
w93,0 0.293257 0.0290026 0.431506 0.298817 0.00110622 
w93,1 0.246744 0.142742 0.0877101 0.0400862 0.415947 
w93,2 0.234627 0.360208 0.132072 0.192926 0.374832 
w93,3 0.386984 0.0670821 0.175437 0.400453 0.00655446 
w93,4 0.357981 0.225852 0.327379 0.334973 0.326096 
w93,5 0.0880473 0.246785 0.054454 0.375233 0.407995 
w93,6 0.0190654 0.086521 0.222989 0.139808 0.130359 
w93,7 0.214184 0.296381 0.214507 0.146168 0.329583 
w93,8 0.0858143 0.0680266 0.0977955 0.266699 0.385601 
w93,9 0.359805 0.0542825 0.379226 0.409732 0.30092 
w94,0 0.194702 0.523835 0.448888 0.406051 0.218084 
w94,1 0.625136 0.410673 0.245765 0.390625 0.403391 
w94,2 0.308674 0.355164 0.18654 0.264307 0.20541 
w94,3 0.392808 0.153101 0.174891 0.177731 0.476277 
w94,4 0.400677 0.470081 0.614569 0.529604 0.520428 
w94,5 0.504638 0.579347 0.437676 0.376646 0.48226 
w94,6 0.465029 0.590164 0.611564 0.483289 0.239099 
w94,7 0.26589 0.4179 0.321485 0.36401 0.193784 
w94,8 0.453482 0.305681 0.206797 0.266108 0.541934 
w94,9 0.380299 0.452381 0.606214 0.330752 0.344216 
w95,0 0.318908 0.522303 0.481415 0.319791 0.530733 
w95,1 0.167966 0.40027 0.235944 0.284267 0.205033 
w95,2 0.433486 0.6198 0.402856 0.600598 0.498582 
w95,3 0.373913 0.324574 0.465593 0.430749 0.407502 
w95,4 0.595448 0.441737 0.32293 0.284242 0.284964 
w95,5 0.41648 0.339581 0.508532 0.488707 0.441559 
w95,6 0.370465 0.53535 0.38487 0.297203 0.119178 
w95,7 0.329437 0.353561 0.178294 0.0282036 0.251652 
w95,8 0.51577 0.523372 0.491834 0.356595 0.271668 
w95,9 0.151998 0.556956 0.361653 0.40209 0.447032 
w96,0 0.248446 0.200186 0.120823 0.359691 0.385449 
w96,1 0.303536 0.192143 0.0866538 0.266332 0.0863505 
w96,2 0.568748 0.377759 0.423136 0.163663 0.302993 
w96,3 0.430044 0.26086 0.42072 0.160648 0.554733 
w96,4 0.41846 0.534482 0.25467 0.533726 0.388892 
w96,5 0.216096 0.334986 0.147733 0.291203 0.250814 
w96,6 0.623082 0.628923 0.414276 0.186042 0.638804 
w96,7 0.170776 0.267029 0.200484 0.368848 0.425843 
w96,8 0.423333 0.330275 0.220382 0.330424 0.446324 
w96,9 0.139765 0.102608 0.426271 0.164342 0.34547 
w97,0 0.451961 0.0739847 0.100673 0.200927 0.0906901 
w97,1 0.316938 0.333757 0.453393 0.0884412 0.456806 
w97,2 0.417143 0.480914 0.233109 0.383718 0.0827921 
w97,3 0.0641383 0.260566 0.071019 0.270261 0.247736 
w97,4 0.469054 0.518088 0.224826 0.335473 0.456079 
w97,5 0.330142 0.307289 0.521184 0.351231 0.168582 
w97,6 0.332931 0.144267 0.439558 0.190755 0.320169 
w97,7 0.131173 0.347508 0.439422 0.284486 0.204473 
w97,8 0.333615 0.179025 0.11643 0.357708 0.304215 
w97,9 0.127435 0.424699 0.217824 0.438606 0.242957 
w98,0 0.0361605 0.303904 0.247461 0.361588 0.139684 
w98,1 0.41587 0.159759 0.285375 0.157517 0.232484 
w98,2 0.101312 0.183078 0.158008 0.268187 0.450157 
w98,3 0.119978 0.0813729 0.464082 0.430973 0.23983 
w98,4 0.333488 0.100456 0.442725 0.356056 0.418304 
w98,5 0.165478 0.2329 0.0440451 0.423353 0.261542 
w98,6 0.143369 0.451063 0.299639 0.141038 0.133736 
w98,7 0.346914 0.384431 0.326399 0.294783 0.221676 
w98,8 0.261252 0.136956 0.0591644 0.421476 0.466845 
w98,9 0.357162 0.276397 0.199639 0.0888788 0.109368 
w99,0 0.259257 0.403165 0.134133 0.388428 0.471393 
w99,1 0.445748 0.204313 0.352973 0.438936 0.400656 
w99,2 0.502977 0.248754 0.188384 0.268387 0.384487 
w99,3 0.261319 0.223774 0.30292 0.281159 0.474548 
w99,4 0.340627 0.519464 0.322147 0.398638 0.186238 
w99,5 0.137669 0.0937353 0.426925 0.0821083 0.207513 
w99,6 0.491793 0.541191 0.16579 0.357108 0.207842 
w99,7 0.55856 0.518795 0.253549 0.336225 0.209455 
w99,8 0.131619 0.385476 0.424703 0.207188 0.192138 
w99,9 0.281333 0.342536 0.288826 0.288487 0.303993 
